1e+35 1e+20 0.0 -0.0 2583.4240844274873
1e+35 9.980267284282715e+19 6.279051952931337e+18 -162.21454042574265 2578.326287123968
1e+35 9.921147013144779e+19 1.2533323356430426e+19 -323.7888941691991 2563.053013890405
1e+35 9.822872507286887e+19 1.8738131458572464e+19 -484.0854010724446 2537.664541358556
1e+35 9.68583161128631e+19 2.486898871648548e+19 -642.4714440552402 2502.2610662306156
1e+35 9.510565162951536e+19 3.090169943749474e+19 -798.3219457656324 2456.9823098486027
1e+35 9.297764858882513e+19 3.68124552684678e+19 -951.0218354746925 2402.006966778062
1e+35 9.048270524660195e+19 4.257792915650727e+19 -1099.968476479682 2337.5519995822488
1e+35 8.763066800438636e+19 4.8175367410171535e+19 -1244.574044435802 2263.871782570009
1e+35 8.44327925502015e+19 5.358267949789966e+19 -1384.2678472303294 2181.2570978966028
1e+35 8.090169943749475e+19 5.877852522924732e+19 -1518.498577243662 2090.0339879793764
1e+35 7.70513242775789e+19 6.374239897486897e+19 -1646.7364871086252 1990.5624687572977
1e+35 7.289686274214116e+19 6.845471059286888e+19 -1768.475480381309 1883.2351088725222
1e+35 6.845471059286886e+19 7.289686274214116e+19 -1883.2351088725222 1768.4754803813084
1e+35 6.374239897486896e+19 7.705132427757892e+19 -1990.5624687572977 1646.7364871086245
1e+35 5.87785252292473e+19 8.090169943749475e+19 -2090.0339879793764 1518.4985772436617
1e+35 5.3582679497899655e+19 8.44327925502015e+19 -2181.2570978966028 1384.2678472303292
1e+35 4.817536741017152e+19 8.763066800438637e+19 -2263.871782570009 1244.5740444358014
1e+35 4.257792915650726e+19 9.048270524660195e+19 -2337.5519995822488 1099.9684764796818
1e+35 3.6812455268467786e+19 9.297764858882515e+19 -2402.0069667780626 951.0218354746922
1e+35 3.0901699437494747e+19 9.510565162951536e+19 -2456.9823098486027 798.3219457656326
1e+35 2.4868988716485472e+19 9.68583161128631e+19 -2502.2610662306156 642.47144405524
1e+35 1.873813145857245e+19 9.822872507286887e+19 -2537.664541358556 484.0854010724443
1e+35 1.2533323356430426e+19 9.921147013144779e+19 -2563.053013890405 323.7888941691991
1e+35 6.27905195293133e+18 9.980267284282715e+19 -2578.326287123968 162.21454042574248
1e+35 -16081.226496766367 1e+20 -2583.4240844274873 -4.15446278388797e-13
1e+35 -6.27905195293134e+18 9.980267284282715e+19 -2578.326287123968 -162.21454042574274
1e+35 -1.2533323356430436e+19 9.921147013144778e+19 -2563.0530138904046 -323.7888941691994
1e+35 -1.873813145857248e+19 9.822872507286887e+19 -2537.664541358556 -484.08540107244505
1e+35 -2.4868988716485485e+19 9.68583161128631e+19 -2502.2610662306156 -642.4714440552403
1e+35 -3.0901699437494755e+19 9.510565162951536e+19 -2456.9823098486027 -798.3219457656329
1e+35 -3.68124552684678e+19 9.297764858882515e+19 -2402.0069667780626 -951.0218354746925
1e+35 -4.257792915650727e+19 9.048270524660195e+19 -2337.5519995822488 -1099.968476479682
1e+35 -4.817536741017154e+19 8.763066800438634e+19 -2263.8717825700087 -1244.5740444358023
1e+35 -5.358267949789969e+19 8.443279255020149e+19 -2181.2570978966028 -1384.26784723033
1e+35 -5.87785252292473e+19 8.090169943749475e+19 -2090.0339879793764 -1518.4985772436617
1e+35 -6.374239897486897e+19 7.705132427757892e+19 -1990.5624687572977 -1646.736487108625
1e+35 -6.845471059286888e+19 7.289686274214114e+19 -1883.235108872522 -1768.475480381309
1e+35 -7.2896862742141166e+19 6.845471059286885e+19 -1768.4754803813082 -1883.2351088725225
1e+35 -7.705132427757894e+19 6.3742398974868955e+19 -1646.7364871086243 -1990.562468757298
1e+35 -8.090169943749473e+19 5.8778525229247324e+19 -1518.4985772436623 -2090.033987979376
1e+35 -8.44327925502015e+19 5.358267949789966e+19 -1384.2678472303294 -2181.2570978966028
1e+35 -8.763066800438636e+19 4.817536741017152e+19 -1244.5740444358016 -2263.871782570009
1e+35 -9.048270524660195e+19 4.257792915650725e+19 -1099.9684764796816 -2337.5519995822488
1e+35 -9.297764858882515e+19 3.6812455268467773e+19 -951.0218354746919 -2402.0069667780626
1e+35 -9.510565162951536e+19 3.090169943749471e+19 -798.3219457656319 -2456.982309848603
1e+35 -9.68583161128631e+19 2.486898871648548e+19 -642.4714440552402 -2502.2610662306156
1e+35 -9.822872507286887e+19 1.8738131458572456e+19 -484.0854010724445 -2537.664541358556
1e+35 -9.921147013144779e+19 1.253332335643041e+19 -323.7888941691987 -2563.053013890405
1e+35 -9.980267284282715e+19 6.279051952931314e+18 -162.21454042574206 -2578.326287123968
1e+35 -1e+20 -32162.452993532734 8.30892556777594e-13 -2583.4240844274873
1e+35 -9.980267284282715e+19 -6.279051952931334e+18 162.2145404257426 -2578.326287123968
1e+35 -9.921147013144779e+19 -1.2533323356430428e+19 323.78889416919924 -2563.053013890405
1e+35 -9.822872507286887e+19 -1.8738131458572476e+19 484.085401072445 -2537.664541358556
1e+35 -9.68583161128631e+19 -2.48689887164855e+19 642.4714440552407 -2502.2610662306147
1e+35 -9.510565162951536e+19 -3.090169943749477e+19 798.3219457656334 -2456.9823098486027
1e+35 -9.297764858882512e+19 -3.681245526846783e+19 951.0218354746934 -2402.0069667780617
1e+35 -9.048270524660195e+19 -4.257792915650726e+19 1099.9684764796818 -2337.5519995822488
1e+35 -8.763066800438636e+19 -4.8175367410171535e+19 1244.574044435802 -2263.871782570009
1e+35 -8.443279255020149e+19 -5.358267949789968e+19 1384.2678472303296 -2181.2570978966028
1e+35 -8.090169943749473e+19 -5.877852522924733e+19 1518.4985772436626 -2090.033987979376
1e+35 -7.70513242775789e+19 -6.3742398974869e+19 1646.7364871086254 -1990.562468757297
1e+35 -7.289686274214116e+19 -6.845471059286888e+19 1768.475480381309 -1883.2351088725222
1e+35 -6.845471059286886e+19 -7.289686274214116e+19 1883.2351088725222 -1768.4754803813084
1e+35 -6.3742398974868955e+19 -7.705132427757894e+19 1990.562468757298 -1646.7364871086243
1e+35 -5.8778525229247324e+19 -8.090169943749473e+19 2090.033987979376 -1518.4985772436623
1e+35 -5.358267949789963e+19 -8.443279255020152e+19 2181.2570978966037 -1384.2678472303285
1e+35 -4.817536741017153e+19 -8.763066800438636e+19 2263.871782570009 -1244.5740444358019
1e+35 -4.257792915650721e+19 -9.048270524660199e+19 2337.5519995822497 -1099.9684764796807
1e+35 -3.681245526846778e+19 -9.297764858882515e+19 2402.0069667780626 -951.0218354746921
1e+35 -3.0901699437494755e+19 -9.510565162951536e+19 2456.9823098486027 -798.3219457656329
1e+35 -2.4868988716485444e+19 -9.685831611286312e+19 2502.2610662306156 -642.4714440552392
1e+35 -1.8738131458572464e+19 -9.822872507286887e+19 2537.664541358556 -484.0854010724446
1e+35 -1.2533323356430373e+19 -9.921147013144779e+19 2563.053013890405 -323.78889416919776
1e+35 -6.279051952931321e+18 -9.980267284282715e+19 2578.326287123968 -162.21454042574223
1e+35 -18369.701987210297 -1e+20 2583.4240844274873 -4.745673053751456e-13
1e+35 6.279051952931372e+18 -9.980267284282715e+19 2578.326287123968 162.21454042574356
1e+35 1.2533323356430424e+19 -9.921147013144779e+19 2563.053013890405 323.78889416919907
1e+35 1.8738131458572513e+19 -9.822872507286887e+19 2537.664541358556 484.0854010724459
1e+35 2.4868988716485493e+19 -9.68583161128631e+19 2502.2610662306156 642.4714440552406
1e+35 3.0901699437494723e+19 -9.510565162951536e+19 2456.9823098486027 798.321945765632
1e+35 3.6812455268467827e+19 -9.297764858882512e+19 2402.006966778062 951.0218354746934
1e+35 4.257792915650726e+19 -9.048270524660195e+19 2337.5519995822488 1099.9684764796818
1e+35 4.817536741017157e+19 -8.763066800438634e+19 2263.8717825700087 1244.5740444358028
1e+35 5.358267949789968e+19 -8.443279255020149e+19 2181.2570978966028 1384.2678472303296
1e+35 5.877852522924737e+19 -8.09016994374947e+19 2090.033987979375 1518.4985772436635
1e+35 6.3742398974869e+19 -7.70513242775789e+19 1990.562468757297 1646.7364871086254
1e+35 6.845471059286886e+19 -7.289686274214116e+19 1883.2351088725222 1768.4754803813084
1e+35 7.289686274214119e+19 -6.845471059286883e+19 1768.4754803813078 1883.2351088725231
1e+35 7.705132427757894e+19 -6.374239897486896e+19 1646.7364871086245 1990.562468757298
1e+35 8.090169943749478e+19 -5.877852522924726e+19 1518.4985772436605 2090.033987979377
1e+35 8.443279255020152e+19 -5.358267949789963e+19 1384.2678472303285 2181.2570978966037
1e+35 8.763066800438636e+19 -4.8175367410171535e+19 1244.574044435802 2263.871782570009
1e+35 9.048270524660197e+19 -4.257792915650722e+19 1099.968476479681 2337.5519995822488
1e+35 9.297764858882515e+19 -3.6812455268467786e+19 951.0218354746922 2402.0069667780626
1e+35 9.510565162951537e+19 -3.0901699437494678e+19 798.3219457656309 2456.982309848603
1e+35 9.685831611286312e+19 -2.4868988716485448e+19 642.4714440552393 2502.2610662306156
1e+35 9.822872507286887e+19 -1.873813145857247e+19 484.08540107244477 2537.664541358556
1e+35 9.921147013144779e+19 -1.253332335643038e+19 323.78889416919793 2563.053013890405
1e+35 9.980267284282715e+19 -6.279051952931326e+18 162.21454042574237 2578.326287123968